F1(x) = 2.575567-0.627578x
PHI = 0.470122
F2(x) = 3.547567-1.398066x + 0.118537x^2
PHI = 0.125953
