Euler's Method
      0       1       2       3       4       5       6       7       8       9      10 
x_k:  0.00000 0.10000 0.20000 0.30000 0.40000 0.50000 0.60000 0.70000 0.80000 0.90000 1.00000 
y_k:  3.00000 3.00000 3.06000 3.18040 3.36367 3.61449 3.94009 4.35082 4.86099 5.49017 6.26513 
eps_k:0.00000 0.03008 0.06135 0.09649 0.13846 0.19072 0.25749 0.34419 0.45798 0.60859 0.80952 
Runge:0.00000 0.01500 0.03023 0.04700 0.06674 0.09106 0.12190 0.16174 0.21381 0.28246 0.37374 


Runge-Kutta's Method
0       1       2       3       4       5       6       7       8       9       10      
x_k:  0.00000 0.10000 0.20000 0.30000 0.40000 0.50000 0.60000 0.70000 0.80000 0.90000 1.00000 
y_k:  3.00000 3.03008 3.12134 3.27689 3.50213 3.80520 4.19757 4.69499 5.31895 6.09873 7.07459 
eps_k:0.00000 0.00000 0.00000 0.00000 0.00000 0.00001 0.00001 0.00002 0.00003 0.00004 0.00006 
Runge:0.00000 -0.00151 -0.00608 -0.01393 -0.02539 -0.04096 -0.06138 -0.08764 -0.12112 -0.16369 -0.21796 


Adams's Method
0       1       2       3       4       5       6       7       8       9       10      
x_k:  0.00000 0.10000 0.20000 0.30000 0.40000 0.50000 0.60000 0.70000 0.80000 0.90000 1.00000 
y_k:  3.00000 3.03008 3.12134 3.27689 3.50203 3.80479 4.19672 4.69341 5.31622 6.09423 7.06738 
eps_k:0.00000 0.00000 0.00000 0.00000 0.00010 0.00041 0.00086 0.00160 0.00275 0.00453 0.00727 
Runge:0.00000 -0.00151 -0.00608 -0.01393 -0.02538 -0.04093 -0.06132 -0.08754 -0.12094 -0.16340 -0.21748 
