Finite Defference Method
      0       1       2       3       4       5       6       7       8       9      10 
x_k:  1.00000 1.10000 1.20000 1.30000 1.40000 1.50000 1.60000 1.70000 1.80000 1.90000 2.00000 
y_k:  2.01240 1.92246 1.84765 1.78451 1.73055 1.68395 1.64333 1.60765 1.57610 1.54802 1.52289 
eps_k:0.01240 0.01337 0.01432 0.01528 0.01626 0.01728 0.01833 0.01942 0.02054 0.02170 0.02289 
Runge:-0.00930 0.03315 0.06478 0.08852 0.10637 0.11975 0.12972 0.13703 0.14226 0.14583 0.14810 
