Finite Defference Method
      0       1       2       3       4       5       6       7       8       9      10 
x_k:  1.00000 1.10000 1.20000 1.30000 1.40000 1.50000 1.60000 1.70000 1.80000 1.90000 2.00000 
y_k:  2.01240 1.92246 1.84765 1.78451 1.73055 1.68395 1.64333 1.60765 1.57610 1.54802 1.52289 
eps_k:0.01240 0.01337 0.01432 0.01528 0.01626 0.01728 0.01833 0.01942 0.02054 0.02170 0.02289 
Runge:-0.00930 -0.01002 -0.01074 -0.01146 -0.01220 -0.01296 -0.01375 -0.01456 -0.01540 -0.01627 -0.01717 


Shooting Method
0       1       2       3       4       5       6       7       8       9       10      
x_k:  1.00000 1.10000 1.20000 1.30000 1.40000 1.50000 1.60000 1.70000 1.80000 1.90000 2.00000 
y_k:  2.00002 1.90911 1.83335 1.76925 1.71431 1.66669 1.62502 1.58826 1.55558 1.52634 1.50003 
eps_k:0.00002 0.00002 0.00002 0.00002 0.00002 0.00002 0.00002 0.00002 0.00003 0.00003 0.00003 
Runge:-0.00001 -0.00002 -0.00002 -0.00002 -0.00002 -0.00002 -0.00002 -0.00002 -0.00002 -0.00003 -0.00003 
