Finite Defference Method
      0       1       2       3       4       5       6       7       8       9      10      11      12      13      14      15      16      17      18      19      20      21      22      23      24      25      26      27      28      29      30      31      32      33      34      35      36      37      38      39      40      41      42      43      44      45      46      47      48      49      50 
x_k:  1.00000 1.02000 1.04000 1.06000 1.08000 1.10000 1.12000 1.14000 1.16000 1.18000 1.20000 1.22000 1.24000 1.26000 1.28000 1.30000 1.32000 1.34000 1.36000 1.38000 1.40000 1.42000 1.44000 1.46000 1.48000 1.50000 1.52000 1.54000 1.56000 1.58000 1.60000 1.62000 1.64000 1.66000 1.68000 1.70000 1.72000 1.74000 1.76000 1.78000 1.80000 1.82000 1.84000 1.86000 1.88000 1.90000 1.92000 1.94000 1.96000 1.98000 2.00000 
y_k:  2.00050 1.98090 1.96205 1.94392 1.92645 1.90963 1.89340 1.87774 1.86263 1.84802 1.83391 1.82025 1.80704 1.79425 1.78185 1.76984 1.75820 1.74690 1.73593 1.72528 1.71494 1.70488 1.69511 1.68561 1.67636 1.66736 1.65859 1.65006 1.64174 1.63364 1.62573 1.61803 1.61051 1.60317 1.59601 1.58901 1.58218 1.57551 1.56899 1.56261 1.55638 1.55028 1.54432 1.53848 1.53277 1.52718 1.52171 1.51635 1.51110 1.50596 1.50092 
eps_k:0.00050 0.00050 0.00051 0.00052 0.00053 0.00053 0.00054 0.00055 0.00056 0.00057 0.00057 0.00058 0.00059 0.00060 0.00060 0.00061 0.00062 0.00063 0.00064 0.00064 0.00065 0.00066 0.00067 0.00068 0.00068 0.00069 0.00070 0.00071 0.00072 0.00073 0.00073 0.00074 0.00075 0.00076 0.00077 0.00078 0.00079 0.00079 0.00080 0.00081 0.00082 0.00083 0.00084 0.00085 0.00086 0.00087 0.00088 0.00089 0.00090 0.00091 0.00092 
Runge:-0.00037 0.00933 0.01847 0.02708 0.03521 0.04288 0.05013 0.05697 0.06343 0.06954 0.07532 0.08078 0.08595 0.09085 0.09548 0.09986 0.10401 0.10795 0.11167 0.11520 0.11854 0.12171 0.12471 0.12755 0.13024 0.13279 0.13521 0.13749 0.13966 0.14171 0.14365 0.14549 0.14722 0.14887 0.15042 0.15189 0.15327 0.15458 0.15581 0.15698 0.15807 0.15910 0.16007 0.16098 0.16184 0.16264 0.16339 0.16409 0.16475 0.16536 0.16592 
