      0       1       2       3       4       5       6       7       8       9      10 
x_k:  1.00000 1.10000 1.20000 1.30000 1.40000 1.50000 1.60000 1.70000 1.80000 1.90000 2.00000 
y_k:  0.36788 0.30261 0.25100 0.20964 0.17614 0.14876 0.12619 0.10746 0.09183 0.07872 0.06767 
eps_k:0.00000 0.00000 0.00000 0.00000 0.00000 0.00000 0.00000 0.00000 0.00000 0.00000 0.00000 
Runge:0.00000 0.03066 0.05161 0.06569 0.07485 0.08045 0.08345 0.08457 0.08431 0.08305 0.08109 
