
k = 1
x_1 = 6.03571 x_2 = 1.12896

k = 2
x_1 = 5.93179 x_2 = 1.24769

k = 3
x_1 = 5.92926 x_2 = 1.25107
