
k = 1
x_1 = 6 x_2 = 1.38378

k = 2
x_1 = 5.95225 x_2 = 1.23077

k = 3
x_1 = 5.92534 x_2 = 1.24443

k = 4
x_1 = 5.92799 x_2 = 1.25221
