L:
1.00000 0.00000 0.00000 0.00000 
0.11111 1.00000 0.00000 0.00000 
0.66667 -0.36207 1.00000 0.00000 
0.33333 0.36207 0.76426 1.00000 

U:
9.00000 -5.00000 -6.00000 3.00000 
0.00000 -6.44444 1.66667 -0.33333 
0.00000 0.00000 13.60345 5.87931 
0.00000 0.00000 0.00000 -5.37262 

L*U:
9.00000 -5.00000 -6.00000 3.00000 
1.00000 -7.00000 1.00000 0.00000 
3.00000 -4.00000 9.00000 0.00000 
6.00000 -1.00000 9.00000 8.00000 

x:
0.00000 
-5.00000 
3.00000 
-5.00000 

 Det(A) = -4239.00000

 A^(-1):
0.11135 -0.14933 0.13258 -0.04176 
0.01132 -0.16773 0.03043 -0.00425 
-0.03208 -0.02477 0.08044 0.01203 
-0.04600 0.11890 -0.18613 0.14225 

 A * A^(-1):
1.00000 0.00000 0.00000 0.00000 
0.00000 1.00000 0.00000 -0.00000 
0.00000 0.00000 1.00000 -0.00000 
0.00000 0.00000 0.00000 1.00000 
