lambda_1 = 16.2664
lambda_2 = -6.56203 + -4.54284i
lambda_3 = -6.56203 + 4.54284i
lambda_4 = 5.92885 + -1.53832i
lambda_5 = 5.92885 + 1.53832i

QR Algorithm took 38 iterations
