lambda_1 = -3.6032 + -6.59494i
lambda_2 = -3.6032 + 6.59494i
lambda_3 = 5.2064

QR Algorithm took 26 iterations
