lambda_1 = -5.41475 + -5.83019i
lambda_2 = -5.41475 + 5.83019i
lambda_3 = 4.8295

QR Algorithm took 20 iterations
