lambda_1 = 31.2507
lambda_2 = -8.94 + -4.11841i
lambda_3 = -8.94 + 4.11841i
lambda_4 = 6.17426
lambda_5 = -0.544968

QR Algorithm took 17 iterations
