max|a| = 5
phi = 0.418991
U_0:
0.91350 -0.40684 0.00000 
0.40684 0.91350 0.00000 
0.00000 0.00000 1.00000 
A_1:
7.22681 0.00000 3.14734 
0.00000 -6.22681 -0.30702 
3.14734 -0.30702 2.00000 
t = 3.16228

max|a| = 3.14734
phi = 0.43891
U_1:
0.90522 0.00000 -0.42495 
0.00000 1.00000 0.00000 
0.42495 0.00000 0.90522 
A_2:
8.70433 -0.13047 -0.00000 
-0.13047 -6.22681 -0.27792 
-0.00000 -0.27792 0.52249 
t = 0.30702

max|a| = -0.27792
phi = 0.04108
U_2:
1.00000 0.00000 0.00000 
0.00000 0.99916 -0.04107 
0.00000 0.04107 0.99916 
A_3:
8.70433 -0.13036 0.00536 
-0.13036 -6.23824 -0.00000 
0.00536 -0.00000 0.53391 
t = 0.13047

max|a| = -0.13036
phi = -0.00872
U_3:
0.99996 0.00872 0.00000 
-0.00872 0.99996 0.00000 
0.00000 0.00000 1.00000 
A_4:
8.70546 -0.00000 0.00536 
-0.00000 -6.23937 0.00005 
0.00536 0.00005 0.53391 
t = 0.00536

max|a| = 0.00536
phi = 0.00066
U_4:
1.00000 0.00000 -0.00066 
0.00000 1.00000 0.00000 
0.00066 0.00000 1.00000 
A_5:
8.70547 0.00000 -0.00000 
0.00000 -6.23937 0.00005 
-0.00000 0.00005 0.53391 
t = 0.00005

