max|a| = 3
phi = -0.702824
U_0:
1.00000 0.00000 0.00000 
0.00000 0.76302 0.64637 
0.00000 -0.64637 0.76302 
A_1:
4.00000 0.87967 2.05577 
0.87967 2.45862 -0.00000 
2.05577 -0.00000 8.54138 
t = 2.23607

max|a| = 2.05577
phi = -0.36788
U_1:
0.93309 0.00000 0.35964 
0.00000 1.00000 0.00000 
-0.35964 0.00000 0.93309 
A_2:
3.20765 0.82081 -0.00000 
0.82081 2.45862 0.31636 
-0.00000 0.31636 9.33373 
t = 0.87967

max|a| = 0.82081
phi = 0.57137
U_2:
0.84116 -0.54078 0.00000 
0.54078 0.84116 0.00000 
0.00000 0.00000 1.00000 
A_3:
3.73535 0.00000 0.17108 
0.00000 1.93092 0.26611 
0.17108 0.26611 9.33373 
t = 0.31636

max|a| = 0.26611
phi = -0.03589
U_3:
1.00000 0.00000 0.00000 
0.00000 0.99936 0.03588 
0.00000 -0.03588 0.99936 
A_4:
3.73535 -0.00614 0.17097 
-0.00614 1.92137 -0.00000 
0.17097 -0.00000 9.34329 
t = 0.17108

max|a| = 0.17097
phi = -0.03045
U_4:
0.99954 0.00000 0.03045 
0.00000 1.00000 0.00000 
-0.03045 0.00000 0.99954 
A_5:
3.73014 -0.00614 -0.00000 
-0.00614 1.92137 -0.00019 
-0.00000 -0.00019 9.34849 
t = 0.00614

