Q_0:
-0.89803 -0.29740 -0.02993 -0.22070 -0.23559 
0.17961 -0.32466 -0.73045 -0.49787 0.28443 
-0.35921 0.57249 -0.51328 0.42783 0.31100 
0.00000 0.69145 0.05795 -0.67664 -0.24636 
-0.17961 0.01735 0.44578 -0.25006 0.84035 

R_0:
-5.56776 1.25724 5.20855 -7.54342 -8.62105 
0.00000 13.01612 3.79926 -2.42132 6.59480 
-0.00000 -0.00000 6.43713 -6.29325 2.15125 
0.00000 -0.00000 -0.00000 -5.96900 -2.59243 
0.00000 0.00000 0.00000 -0.00000 13.95842 

A_1:
4.90323 -1.13594 -7.70540 10.09120 -2.09717 
-0.21143 -3.61058 -8.65820 -4.86567 11.02215 
-2.69866 -0.62895 -2.70974 6.47435 5.36015 
0.46561 -4.17224 -1.50154 4.68714 -0.70803 
-2.50701 0.24215 6.22245 -3.49043 11.72995 

Q_1:
-0.79676 -0.07204 -0.15872 -0.33307 0.47313 
0.03436 -0.65056 -0.46755 0.56349 0.19864 
0.43853 -0.18437 -0.53460 -0.69734 0.04016 
-0.07566 -0.73282 0.55204 -0.29197 -0.25934 
0.40738 -0.02366 0.40701 -0.00252 0.81720 

R_1:
-6.15394 0.91954 7.30213 -7.14486 9.23234 
0.00000 5.59847 7.64053 -2.10742 -7.76646 
0.00000 -0.00000 8.42349 -1.62106 -3.30277 
0.00000 -0.00000 0.00000 -11.97742 3.34865 
-0.00000 0.00000 -0.00000 0.00000 11.18187 

A_2:
12.43867 3.51625 -3.54350 -0.46141 6.96197 
0.53844 -3.32276 -11.02665 -1.53851 -4.38122 
2.47107 -0.28697 -6.74237 -5.39244 -1.94029 
2.27041 8.69806 -5.24903 3.48864 5.84278 
4.55530 -0.26455 4.55115 -0.02818 9.13782 

Q_2:
-0.90955 -0.05138 0.02014 -0.12181 -0.39349 
-0.03937 -0.39049 -0.75637 -0.46179 0.24623 
-0.18069 -0.12032 -0.41470 0.87217 0.14217 
-0.16602 0.89075 -0.29835 -0.09950 0.28298 
-0.33310 -0.19225 0.40807 -0.03634 0.82719 

R_2:
-13.67560 -4.37145 4.23090 0.88483 -9.82297 
0.00000 8.95006 -0.25154 4.38622 5.03431 
-0.00000 -0.00000 14.48808 2.33826 6.24427 
-0.00000 -0.00000 -0.00000 -4.28257 -1.43051 
-0.00000 0.00000 -0.00000 0.00000 5.11805 

A_3:
14.97139 4.57717 -2.99597 7.64352 -2.96876 
-2.71204 -0.52541 -5.91952 -4.97186 7.57356 
-5.08602 -0.86083 -4.15770 12.17654 7.88666 
1.18749 -3.53970 0.69397 0.47811 -2.39520 
-1.70480 -0.98395 2.08850 -0.18601 4.23361 

Q_3:
-0.92550 -0.11816 -0.27451 0.16644 0.16260 
0.16765 -0.05510 -0.75659 -0.58418 0.23488 
0.31441 -0.13469 -0.52069 0.78214 0.01205 
-0.07341 0.97363 -0.17786 0.08020 -0.09266 
0.10539 0.13001 0.22242 0.11340 0.95376 

R_3:
-16.17659 -4.43875 0.64229 -4.13392 7.11892 
0.00000 -3.97023 2.18736 -1.82794 -2.91039 
0.00000 -0.00000 7.80701 -4.80315 -7.65396 
-0.00000 -0.00000 -0.00000 13.71763 1.53810 
-0.00000 0.00000 0.00000 0.00000 5.65101 

A_4:
15.48287 -1.02993 9.78310 0.87880 3.50770 
-0.15043 -2.23397 1.54268 3.55349 -3.51262 
2.00053 -6.72310 -4.91313 4.85301 -6.76091 
-0.84488 13.55588 -2.09771 1.27452 0.19586 
0.59554 0.73468 1.25690 0.64084 5.38972 

Q_4:
-0.98954 0.09943 0.08866 0.01470 -0.05332 
0.00961 -0.14925 0.27364 -0.91549 -0.25421 
-0.12786 -0.42264 -0.86708 -0.21488 0.08380 
0.05400 0.88667 -0.38527 -0.24347 -0.05643 
-0.03806 0.05499 0.13037 -0.23707 0.96038 

R_4:
-15.64649 2.56132 -9.19889 -1.41152 -2.83492 
-0.00000 15.13251 1.02809 -1.32875 4.20053 
-0.00000 -0.00000 6.52161 -3.56516 5.83927 
-0.00000 0.00000 -0.00000 -4.74532 3.39468 
0.00000 0.00000 -0.00000 -0.00000 5.30450 

A_5:
16.71534 0.54238 7.46415 0.41747 -3.23066 
-0.21759 -3.64029 4.30897 -14.74695 0.34839 
-1.24861 -5.59631 -3.51996 -1.91764 6.35559 
-0.38545 -4.02086 2.27079 0.35058 3.52798 
-0.20190 0.29171 0.69155 -1.25755 5.09433 

Q_5:
-0.99680 -0.07074 -0.03138 0.00463 0.01936 
0.01298 -0.46843 0.66710 0.57064 -0.09873 
0.07446 -0.71244 -0.65766 0.20235 0.11588 
0.02299 -0.51618 0.31757 -0.79509 0.00240 
0.01204 0.03938 0.14362 0.03512 0.98815 

R_5:
-16.76896 -1.09349 -7.58594 -0.75736 3.84052 
-0.00000 7.74088 -1.18367 8.01415 -6.08306 
-0.00000 -0.00000 5.77564 -8.65891 -1.99397 
0.00000 -0.00000 0.00000 -9.12422 -1.15626 
0.00000 0.00000 0.00000 -0.00000 5.68198 

A_6:
16.16513 7.64522 5.09684 -1.49964 2.69739 
0.12328 -7.15917 7.61378 -2.40787 -6.89320 
0.20701 0.27629 -6.83459 7.98328 -1.32180 
-0.22365 4.66425 -3.06364 7.21397 -1.16442 
0.06841 0.22378 0.81606 0.19956 5.61465 

Q_6:
-0.99978 0.01362 0.01371 -0.00294 -0.00702 
-0.00762 -0.83386 0.11813 -0.53339 -0.07853 
-0.01280 0.02079 -0.96064 -0.25929 0.09666 
0.01383 0.55098 0.20908 -0.79143 -0.16172 
-0.00423 0.02218 0.13897 -0.14795 0.97892 

R_6:
-16.16862 -7.52895 -5.11212 1.51440 -2.66719 
0.00000 8.65446 -8.09133 6.13247 5.24016 
-0.00000 0.00000 7.00768 -6.43798 1.02928 
0.00000 -0.00000 0.00000 -6.52016 4.10244 
0.00000 -0.00000 0.00000 0.00000 6.07922 

A_7:
16.32022 6.72681 3.74591 4.58491 -2.64530 
0.10026 -3.88971 10.80561 -8.14692 2.67624 
-0.18313 -3.37868 -7.93489 3.12592 2.72610 
-0.10755 -3.50147 -0.79314 4.55331 5.07040 
-0.02572 0.13482 0.84484 -0.89942 5.95108 

Q_7:
-0.99990 -0.00573 -0.01293 -0.00152 0.00271 
-0.00614 -0.63493 0.70991 0.29983 -0.05427 
0.01122 -0.53343 -0.68456 0.49604 0.02540 
0.00659 -0.55832 -0.15028 -0.81201 0.07929 
0.00158 0.02350 0.06820 0.06840 0.99505 

R_7:
-16.32193 -6.76297 -3.90481 -4.47073 2.70196 
-0.00000 6.19160 -2.18690 0.91569 -5.82937 
0.00000 0.00000 13.23134 -8.72835 -0.28821 
-0.00000 0.00000 -0.00000 -4.65796 -1.55144 
0.00000 -0.00000 0.00000 0.00000 6.24048 

A_8:
16.29276 9.03007 -1.06094 -0.12481 2.55769 
-0.06572 -3.41291 5.35738 -0.37064 -6.11941 
0.09049 -2.19158 -7.76560 13.63108 -0.64285 
-0.03314 2.56419 0.59419 3.67619 -1.91310 
0.00983 0.14662 0.42560 0.42687 6.20956 

Q_8:
-0.99997 0.00083 0.00693 -0.00130 -0.00112 
0.00403 -0.70229 0.58030 -0.40788 -0.06048 
-0.00555 -0.46626 -0.81150 -0.35219 0.00265 
0.00203 0.53715 0.05187 -0.83165 -0.13086 
-0.00060 0.02936 0.04451 -0.13397 0.98955 

R_8:
-16.29318 -9.02630 1.12660 0.05483 -2.58637 
0.00000 4.80785 0.18914 -4.10822 3.75416 
-0.00000 -0.00000 9.45309 -11.06786 -2.83459 
0.00000 0.00000 0.00000 -7.76389 3.47820 
0.00000 0.00000 -0.00000 0.00000 6.76055 

A_9:
16.25176 5.75374 -6.37736 3.60694 -1.99935 
0.00772 -5.56119 2.59053 0.88603 3.96227 
-0.07330 -10.43594 -8.37137 6.25511 -1.33154 
-0.01789 -4.06826 -0.24788 5.99089 4.45787 
-0.00408 0.19851 0.30089 -0.90571 6.68990 

Q_9:
-0.99999 -0.00390 -0.00249 -0.00044 0.00048 
-0.00048 -0.44567 0.80644 0.37893 -0.08634 
0.00451 -0.83382 -0.53111 0.15046 0.00361 
0.00110 -0.32535 0.25805 -0.89597 0.15743 
0.00025 0.01602 0.03143 0.17609 0.98374 

R_9:
-16.25194 -5.80253 6.33810 -3.57274 1.99803 
0.00000 12.48447 5.93604 -7.58824 -1.99102 
0.00000 0.00000 6.49656 -1.09909 5.26814 
0.00000 0.00000 -0.00000 -4.25190 -1.51414 
-0.00000 -0.00000 0.00000 0.00000 6.93507 

A_10:
16.27967 -1.44098 -8.86432 2.31500 1.91922 
0.01199 -8.07654 4.89449 12.07209 -4.20975 
0.02941 -4.97497 -3.56840 2.88989 5.03293 
-0.00506 1.35912 -1.14481 3.54296 -2.15890 
0.00174 0.11108 0.21800 1.22121 6.82231 

Q_10:
-1.00000 0.00160 0.00112 -0.00021 -0.00022 
-0.00074 -0.84286 0.50161 -0.18765 -0.05254 
-0.00181 -0.51898 -0.85233 0.03804 0.05244 
0.00031 0.14181 -0.14148 -0.95903 -0.20034 
-0.00011 0.01161 0.04372 -0.20880 0.97691 

R_10:
-16.27970 1.45632 8.86677 -2.32813 -1.92661 
-0.00000 9.58102 -2.44746 -11.15458 0.71239 
-0.00000 -0.00000 5.65811 3.14706 -5.79549 
-0.00000 0.00000 0.00000 -5.80871 1.62697 
-0.00000 0.00000 0.00000 -0.00000 7.58199 

A_11:
16.26206 -6.20772 -6.60000 2.70242 -1.02361 
-0.00618 -8.37883 8.50121 8.65782 2.29887 
-0.00862 -2.55744 -5.52117 -1.59277 -5.99543 
-0.00198 -0.80483 0.89293 5.23101 2.75310 
-0.00081 0.08803 0.33147 -1.58314 7.40693 

Q_11:
-1.00000 -0.00053 -0.00039 -0.00005 0.00010 
0.00038 -0.95229 0.28881 0.08966 -0.04104 
0.00053 -0.29096 -0.95530 0.01040 0.05142 
0.00012 -0.09153 0.03743 -0.92589 0.36463 
0.00005 0.00997 0.05096 0.36686 0.92882 

R_11:
-16.26207 6.20308 6.60042 -2.69942 1.02201 
0.00000 8.80104 -6.56419 -8.27738 -0.62242 
0.00000 -0.00000 7.78248 4.13610 6.87222 
0.00000 -0.00000 0.00000 -4.66459 0.31210 
-0.00000 0.00000 -0.00000 0.00000 7.48085 

A_12:
16.26764 -7.56177 -4.55646 3.49997 0.04817 
-0.00118 -5.71984 8.47105 8.15639 -4.29506 
0.00497 -2.57447 -6.92958 -1.22746 8.29145 
-0.00055 0.43008 -0.15868 4.43338 -1.41097 
0.00037 0.07456 0.38120 2.74445 6.94839 

Q_12:
-1.00000 0.00006 0.00031 -0.00000 -0.00004 
0.00007 -0.90984 0.41122 -0.04469 -0.03294 
-0.00031 -0.40911 -0.91026 -0.06080 0.01898 
0.00003 0.06836 0.01782 -0.87579 -0.47750 
-0.00002 0.01189 0.04481 -0.47676 0.87781 

R_12:
-16.26764 7.56216 4.55918 -3.49892 -0.05122 
-0.00000 6.28722 -4.87898 -6.58295 0.50186 
-0.00000 0.00000 9.80403 4.67443 -9.02737 
-0.00000 0.00000 -0.00000 -5.48106 -2.38923 
0.00000 -0.00000 0.00000 0.00000 7.07196 

A_13:
16.26668 -8.98638 -1.10997 2.47358 1.46390 
0.00171 -4.16842 6.93175 5.54166 3.28418 
-0.00263 -3.79866 -9.24542 -0.38600 -9.97027 
-0.00013 -0.40311 -0.20473 5.93934 0.51992 
-0.00016 0.08406 0.31688 -3.37165 6.20782 

Q_13:
-1.00000 -0.00003 -0.00019 0.00000 0.00002 
-0.00011 -0.73696 0.67438 0.03549 -0.02901 
0.00016 -0.67200 -0.73785 0.06314 -0.00373 
0.00001 -0.07130 -0.01083 -0.85498 0.51362 
0.00001 0.01485 0.02609 0.51357 0.85752 

R_13:
-16.26668 8.98620 1.10775 -2.47422 -1.46579 
0.00000 5.65494 1.12380 -4.29820 4.33476 
-0.00000 -0.00000 11.50701 3.86924 9.72733 
-0.00000 -0.00000 0.00000 -6.63733 2.23065 
-0.00000 0.00000 -0.00000 -0.00000 5.53236 

A_14:
16.26588 -7.21175 5.23439 1.75139 -2.79279 
-0.00040 -4.55185 3.14400 6.17274 1.34129 
0.00199 -7.86411 -8.27855 2.41411 10.28575 
-0.00003 0.50634 0.13007 6.82041 -1.49620 
0.00006 0.08215 0.14432 2.84126 4.74412 

Q_14:
-1.00000 0.00009 0.00008 0.00000 -0.00000 
0.00002 -0.50021 0.86439 -0.04451 -0.02531 
-0.00012 -0.86407 -0.50195 -0.03787 0.00087 
0.00000 0.05564 -0.02633 -0.92894 -0.36508 
-0.00000 0.00903 0.01365 -0.36559 0.93063 

R_14:
-16.26588 7.21260 -5.23330 -1.75153 2.79155 
-0.00000 9.10025 5.58959 -4.76832 -9.59918 
-0.00000 -0.00000 6.87202 3.98327 -3.89958 
-0.00000 0.00000 0.00000 -7.74065 -0.79377 
0.00000 0.00000 -0.00000 0.00000 4.93628 

A_15:
16.26668 0.84035 8.94422 0.48360 3.05029 
-0.00043 -9.73381 5.05494 7.32214 -7.41796 
-0.00082 -5.75148 -3.60751 -2.53480 -5.07730 
-0.00001 -0.43785 0.19295 7.48078 2.08726 
-0.00002 0.04458 0.06740 -1.80467 4.59385 

Q_15:
-1.00000 -0.00005 -0.00003 0.00000 0.00000 
0.00003 -0.86029 0.50807 0.03963 -0.01394 
0.00005 -0.50832 -0.86104 0.00850 0.01198 
0.00000 -0.03870 0.01679 -0.96702 0.25117 
0.00000 0.00394 0.01362 0.25144 0.96777 

R_15:
-16.26668 -0.84090 -8.94427 -0.48353 -3.05074 
0.00000 11.31456 -2.52256 -5.30728 8.89966 
0.00000 0.00000 5.67839 6.00376 0.70043 
-0.00000 0.00000 -0.00000 -7.41927 -1.20045 
-0.00000 -0.00000 0.00000 0.00000 5.01267 

A_16:
16.26621 5.27746 7.22497 -0.40890 -3.16930 
0.00018 -8.21107 7.95278 7.79694 7.09177 
0.00029 -3.11602 -4.77899 -5.58137 2.25385 
-0.00001 0.28238 -0.14092 6.87275 -3.02527 
0.00001 0.01975 0.06828 1.26041 4.85110 

Q_16:
-1.00000 0.00002 0.00001 0.00000 -0.00000 
-0.00001 -0.93445 0.35498 -0.02722 -0.00648 
-0.00002 -0.35462 -0.93479 -0.01862 0.00822 
0.00000 0.03214 0.00598 -0.98545 -0.16679 
-0.00000 0.00225 0.01113 -0.16673 0.98594 

R_16:
-16.26621 -5.27732 -7.22497 0.40892 3.16917 
-0.00000 8.78709 -5.74101 -5.08290 -7.51257 
0.00000 0.00000 7.29045 8.04028 0.44648 
-0.00000 -0.00000 -0.00000 -7.09121 1.93740 
0.00000 -0.00000 -0.00000 0.00000 5.26000 

A_17:
16.26639 7.51355 4.91797 -0.65313 3.03127 
0.00001 -6.35545 8.37186 6.12922 -6.66329 
-0.00013 -2.32599 -6.76199 -8.13353 -0.84092 
-0.00000 -0.22353 -0.02081 6.66502 3.09288 
-0.00000 0.01182 0.05857 -0.87699 5.18603 

Q_17:
-1.00000 -0.00000 -0.00001 0.00000 0.00000 
-0.00000 -0.93857 0.34428 0.02306 -0.00412 
0.00001 -0.34349 -0.93858 0.03279 0.00305 
0.00000 -0.03301 -0.02205 -0.98966 0.13784 
0.00000 0.00175 0.00739 0.13772 0.99044 

R_17:
-16.26639 -7.51357 -4.91803 0.65307 -3.03127 
0.00000 6.77140 -5.53413 -3.18046 6.44979 
0.00000 0.00000 9.22981 9.59072 -1.53467 
0.00000 -0.00000 0.00000 -6.84224 -2.52790 
-0.00000 -0.00000 0.00000 -0.00000 5.58768 

A_18:
16.26636 8.71453 1.99247 -1.39835 -2.89631 
-0.00005 -4.33827 7.64330 4.01055 5.90495 
0.00007 -3.48965 -8.88569 -9.40023 -0.16988 
-0.00000 0.22145 0.13217 6.42333 -3.44686 
0.00000 0.00975 0.04131 0.76956 5.53427 

Q_18:
-1.00000 0.00000 0.00001 -0.00000 -0.00000 
0.00000 -0.77858 0.62712 -0.02282 -0.00358 
-0.00000 -0.62629 -0.77881 -0.03493 -0.00020 
0.00000 0.03974 0.01257 -0.99225 -0.11704 
-0.00000 0.00175 0.00358 -0.11703 0.99312 

R_18:
-16.26636 -8.71452 -1.99240 1.39841 2.89633 
0.00000 5.57202 -0.38057 3.02136 -4.61837 
-0.00000 -0.00000 11.71538 9.91961 3.81192 
0.00000 0.00000 0.00000 -6.22678 2.64367 
0.00000 0.00000 -0.00000 0.00000 5.87853 

A_19:
16.26634 8.09338 -3.88552 -1.45810 2.74432 
0.00002 -3.98790 3.81218 -2.57131 -4.96009 
-0.00005 -6.93628 -8.98567 -10.69808 2.62229 
-0.00000 -0.24285 -0.06882 5.86914 3.35429 
-0.00000 0.01029 0.02106 -0.68797 5.83809 

Q_19:
-1.00000 -0.00000 -0.00000 -0.00000 0.00000 
-0.00000 -0.49820 0.86663 0.02708 -0.00398 
0.00000 -0.86653 -0.49875 0.01936 -0.00024 
0.00000 -0.03034 0.01411 -0.99289 0.11427 
0.00000 0.00129 0.00173 0.11432 0.99344 

R_19:
-16.26634 -8.09340 3.88549 1.45806 -2.74430 
-0.00000 8.00463 5.88924 10.37229 0.10456 
0.00000 0.00000 7.78442 3.18893 -5.54898 
-0.00000 0.00000 0.00000 -6.18281 -2.74656 
0.00000 -0.00000 -0.00000 0.00000 6.20224 

A_20:
16.26636 0.61752 -8.93600 -1.90538 -2.52837 
0.00001 -9.40566 4.14635 -9.95574 1.25587 
0.00003 -6.84932 -3.84709 -3.64990 -5.15002 
-0.00000 0.18405 -0.09201 5.82483 -3.43507 
0.00000 0.00797 0.01075 0.70905 6.16156 

Q_20:
-1.00000 0.00000 0.00000 -0.00000 -0.00000 
-0.00000 -0.80827 0.58844 -0.02047 -0.00325 
-0.00000 -0.58859 -0.80842 0.00131 0.00226 
0.00000 0.01582 -0.01347 -0.99195 -0.12491 
-0.00000 0.00069 0.00207 -0.12496 0.99216 

R_20:
-16.26636 -0.61750 8.93600 1.90540 2.52837 
-0.00000 11.63674 -1.08847 10.28788 1.96608 
0.00000 0.00000 5.55122 -2.98473 4.96145 
-0.00000 -0.00000 0.00000 -5.66752 2.60504 
-0.00000 -0.00000 -0.00000 -0.00000 6.52663 

A_21:
16.26635 -4.72873 -7.60790 -2.18163 2.29274 
-0.00001 -8.60094 7.59294 -10.69038 0.62534 
-0.00001 -3.31123 -4.43726 2.34803 5.30792 
-0.00000 -0.08785 0.08176 5.29639 3.29255 
-0.00000 0.00447 0.01351 -0.81553 6.47546 

Q_21:
-1.00000 -0.00000 -0.00000 -0.00000 0.00000 
0.00000 -0.93319 0.35924 0.01026 -0.00193 
0.00000 -0.35926 -0.93323 -0.00021 0.00243 
0.00000 -0.00953 0.00428 -0.98903 0.14733 
0.00000 0.00049 0.00236 0.14735 0.98908 

R_21:
-16.26635 4.72872 7.60790 2.18162 -2.29273 
0.00000 9.21673 -5.49227 9.08170 -2.51873 
-0.00000 0.00000 6.86905 -6.01089 -4.69953 
-0.00000 0.00000 -0.00000 -5.46866 -2.29703 
-0.00000 -0.00000 0.00000 0.00000 6.90156 

A_22:
16.26636 -7.16792 -5.39726 -2.44863 -1.93690 
0.00000 -6.71556 8.46951 -9.25745 -1.18431 
0.00000 -2.41278 -6.44723 5.25103 -5.51713 
-0.00000 0.05101 -0.02882 5.07023 -3.07767 
0.00000 0.00335 0.01625 1.01692 6.82621 

Q_22:
-1.00000 0.00000 0.00000 -0.00000 -0.00000 
-0.00000 -0.94108 0.33813 -0.00607 -0.00153 
-0.00000 -0.33811 -0.94110 -0.00410 0.00136 
0.00000 0.00715 0.00141 -0.97963 -0.20068 
-0.00000 0.00047 0.00212 -0.20068 0.97965 

R_22:
-16.26636 7.16792 5.39726 2.44863 1.93690 
0.00000 7.13602 -5.79079 6.97327 2.96114 
0.00000 0.00000 8.93125 -8.06265 4.80186 
-0.00000 0.00000 -0.00000 -5.13636 1.67489 
-0.00000 0.00000 -0.00000 0.00000 7.29924 

A_23:
16.26635 -8.55204 -2.64809 -2.85307 1.40251 
0.00000 -4.70638 7.87870 -7.44503 1.48270 
-0.00000 -3.07515 -8.40632 6.89816 6.33437 
-0.00000 -0.03593 -0.00367 4.69561 2.67158 
-0.00000 0.00343 0.01551 -1.46482 7.15073 

Q_23:
-1.00000 -0.00000 -0.00000 -0.00000 0.00000 
-0.00000 -0.83712 0.54700 0.00427 -0.00163 
0.00000 -0.54698 -0.83713 0.00496 0.00011 
0.00000 -0.00639 -0.00145 -0.95538 0.29530 
0.00000 0.00061 0.00147 0.29530 0.95540 

R_23:
-16.26635 8.55204 2.64809 2.85307 -1.40251 
0.00000 5.62209 -1.99735 2.42838 -4.71867 
0.00000 0.00000 11.34685 -9.85604 -4.48502 
-0.00000 -0.00000 0.00000 -4.91621 -0.40299 
0.00000 0.00000 -0.00000 0.00000 7.61901 

A_24:
16.26635 -8.62665 2.45492 -3.09031 -0.51109 
-0.00000 -3.63227 4.73684 -3.69939 -3.80049 
0.00000 -6.14620 -9.49115 8.14812 -7.19430 
-0.00000 0.03117 0.00653 4.57785 -1.83679 
0.00000 0.00464 0.01123 2.24992 7.27922 

Q_24:
-1.00000 0.00000 0.00000 -0.00000 -0.00000 
0.00000 -0.50877 0.86089 -0.00343 -0.00213 
-0.00000 -0.86089 -0.50878 -0.00285 -0.00031 
0.00000 0.00437 -0.00209 -0.89699 -0.44203 
-0.00000 0.00065 0.00084 -0.44204 0.89700 

R_24:
-16.26635 8.62665 -2.45492 3.09031 0.51109 
0.00000 7.13934 5.76094 -5.11107 8.12380 
0.00000 0.00000 8.90681 -7.33807 0.39845 
-0.00000 0.00000 0.00000 -5.11136 -1.53653 
-0.00000 -0.00000 -0.00000 0.00000 7.35165 

A_25:
16.26636 -2.26172 8.66961 -3.02050 -0.92520 
-0.00000 -8.60885 3.23268 0.95258 9.52931 
-0.00000 -7.69959 -4.51593 6.38059 3.59835 
-0.00000 -0.02332 0.00940 5.26402 0.88113 
-0.00000 0.00478 0.00618 -3.24970 6.59440 

Q_25:
-1.00000 -0.00000 -0.00000 0.00000 0.00000 
0.00000 -0.74537 0.66664 0.00216 -0.00181 
0.00000 -0.66665 -0.74537 0.00049 0.00096 
0.00000 -0.00202 0.00192 -0.85128 0.52470 
0.00000 0.00041 0.00107 0.52470 0.85129 

R_25:
-16.26636 2.26172 -8.66961 3.02050 0.92520 
-0.00000 11.54974 0.60096 -4.97559 -9.50076 
-0.00000 0.00000 5.52112 -4.11427 3.67930 
0.00000 0.00000 -0.00000 -6.18111 2.73232 
0.00000 -0.00000 -0.00000 0.00000 6.06228 

A_26:
16.26635 4.08802 7.97666 -2.08523 2.36003 
0.00000 -9.00337 7.23185 -0.72418 -10.71886 
0.00000 -3.67080 -4.11926 5.43565 0.97871 
-0.00000 0.01361 -0.00895 6.69553 -0.91722 
0.00000 0.00251 0.00651 3.18088 5.16074 

Q_26:
-1.00000 0.00000 0.00000 0.00000 -0.00000 
-0.00000 -0.92599 0.37754 -0.00117 -0.00079 
-0.00000 -0.37754 -0.92599 -0.00077 0.00097 
0.00000 0.00140 -0.00027 -0.90291 -0.42982 
-0.00000 0.00026 0.00120 -0.42982 0.90291 

R_26:
-16.26635 -4.08802 -7.97666 2.08523 -2.36003 
-0.00000 9.72294 -5.14146 -1.37140 9.55612 
0.00000 0.00000 6.54473 -5.30476 -4.94665 
-0.00000 0.00000 0.00000 -7.41604 -1.37825 
-0.00000 0.00000 0.00000 0.00000 5.06338 

A_27:
16.26635 6.79929 5.83955 -0.85745 -3.03166 
-0.00000 -7.06171 8.44357 -2.87659 9.20511 
-0.00000 -2.47960 -6.06487 6.91087 -2.17995 
-0.00000 -0.01074 0.00033 7.28843 1.94314 
-0.00000 0.00131 0.00606 -2.17636 4.57179 

Q_27:
-1.00000 -0.00000 -0.00000 0.00000 0.00000 
0.00000 -0.94352 0.33130 0.00096 -0.00040 
0.00000 -0.33130 -0.94352 0.00157 0.00041 
0.00000 -0.00143 -0.00096 -0.95834 0.28561 
0.00000 0.00017 0.00083 0.28561 0.95834 

R_27:
-16.26635 -6.79929 -5.83955 0.85745 3.03166 
0.00000 7.48440 -5.95740 0.41371 -7.96501 
0.00000 -0.00000 8.51973 -7.48243 5.10846 
-0.00000 0.00000 0.00000 -7.59834 -0.55102 
-0.00000 0.00000 0.00000 0.00000 4.93174 

A_28:
16.26635 8.34925 3.25882 0.02848 3.15059 
-0.00000 -5.09000 8.09352 -2.67356 -7.52053 
0.00000 -2.81098 -8.02710 8.64314 2.76209 
-0.00000 0.01080 0.00687 7.12444 -2.69826 
0.00000 0.00086 0.00411 1.40857 4.72630 

Q_28:
-1.00000 0.00000 0.00000 0.00000 -0.00000 
0.00000 -0.87538 0.48344 -0.00103 -0.00028 
-0.00000 -0.48343 -0.87538 -0.00197 0.00006 
0.00000 0.00186 0.00117 -0.98097 -0.19412 
-0.00000 0.00015 0.00042 -0.19412 0.98098 

R_28:
-16.26635 -8.34925 -3.25882 -0.02848 -3.15059 
-0.00000 5.81462 -3.20432 -1.82456 5.24372 
-0.00000 0.00000 10.93946 -8.84958 -6.05475 
-0.00000 -0.00000 -0.00000 -7.27663 1.73171 
0.00000 -0.00000 -0.00000 0.00000 5.16243 

A_29:
16.26635 8.88366 -1.18498 0.65453 -3.08300 
0.00000 -3.54354 5.61605 0.77228 5.49636 
-0.00000 -5.30584 -9.58908 9.83500 -4.22106 
-0.00000 -0.01326 -0.00780 6.80203 3.11133 
-0.00000 0.00076 0.00216 -1.00214 5.06423 

Q_29:
-1.00000 -0.00000 -0.00000 0.00000 0.00000 
-0.00000 -0.55538 0.83159 0.00132 -0.00026 
0.00000 -0.83159 -0.55539 0.00161 -0.00005 
0.00000 -0.00208 0.00023 -0.98930 0.14585 
0.00000 0.00012 0.00016 0.14585 0.98931 

R_29:
-16.26635 -8.88366 1.18498 -0.65453 3.08300 
0.00000 6.38034 4.85515 -8.62187 0.45175 
0.00000 -0.00000 9.99590 -4.81859 6.91656 
0.00000 -0.00000 0.00000 -6.85857 -2.33896 
-0.00000 0.00000 0.00000 0.00000 5.46264 

A_30:
16.26635 3.95016 -8.04537 1.08736 2.95683 
0.00000 -7.56306 2.60746 8.61180 -0.81251 
0.00000 -8.30166 -5.55158 5.79196 6.13931 
-0.00000 0.01398 -0.00194 6.44407 -3.31429 
0.00000 0.00065 0.00086 0.79674 5.40422 

Q_30:
-1.00000 0.00000 0.00000 0.00000 -0.00000 
-0.00000 -0.67346 0.73923 -0.00146 -0.00024 
-0.00000 -0.73923 -0.67346 -0.00036 0.00009 
0.00000 0.00124 -0.00086 -0.99247 -0.12247 
-0.00000 0.00006 0.00013 -0.12247 0.99247 

R_30:
-16.26635 -3.95016 8.04537 -1.08736 -2.95683 
0.00000 11.23021 2.34786 -10.07317 -3.99496 
0.00000 0.00000 5.66626 2.45999 -4.73166 
0.00000 -0.00000 0.00000 -6.50772 2.62647 
-0.00000 -0.00000 -0.00000 0.00000 5.77017 

A_31:
16.26635 -3.28861 -8.33772 1.44419 -2.79977 
-0.00000 -9.31143 6.72861 10.46943 -2.73364 
-0.00000 -4.18586 -3.81871 -1.86398 -4.99682 
-0.00000 -0.00795 0.00593 6.13705 3.40371 
-0.00000 0.00034 0.00074 -0.70669 5.72673 

Q_31:
-1.00000 -0.00000 -0.00000 -0.00000 0.00000 
0.00000 -0.91208 0.41002 0.00086 -0.00013 
0.00000 -0.41002 -0.91208 -0.00001 0.00015 
0.00000 -0.00078 0.00038 -0.99341 0.11465 
0.00000 0.00003 0.00014 0.11465 0.99341 

R_31:
-16.26635 3.28861 8.33772 -1.44419 2.79977 
0.00000 10.20903 -4.57129 -8.78948 4.53961 
0.00000 0.00000 6.24180 5.99495 3.43877 
0.00000 0.00000 0.00000 -6.16862 -2.72696 
-0.00000 -0.00000 0.00000 0.00000 6.07884 

A_32:
16.26635 -6.41685 -6.25642 1.75841 2.61652 
0.00000 -7.43014 8.35255 9.26078 3.49996 
0.00000 -2.56379 -5.69024 -5.56121 4.10434 
-0.00000 0.00471 -0.00273 5.81528 -3.41623 
0.00000 0.00020 0.00087 0.69696 6.03875 

Q_32:
-1.00000 0.00000 0.00000 -0.00000 -0.00000 
-0.00000 -0.94531 0.32618 -0.00052 -0.00008 
-0.00000 -0.32618 -0.94531 -0.00031 0.00009 
0.00000 0.00060 0.00011 -0.99292 -0.11879 
-0.00000 0.00003 0.00013 -0.11879 0.99292 

R_32:
-16.26635 6.41685 6.25642 -1.75841 -2.61652 
0.00000 7.86002 -6.03968 -6.93683 -4.64919 
-0.00000 0.00000 8.10347 8.27847 -2.73786 
-0.00000 -0.00000 0.00000 -5.86002 2.67160 
-0.00000 -0.00000 0.00000 0.00000 6.40189 

A_33:
16.26635 -8.10774 -3.82172 2.05144 -2.38906 
0.00000 -5.46439 8.27179 7.43774 -3.79345 
-0.00000 -2.63830 -7.65970 -7.89716 -3.70111 
-0.00000 -0.00344 -0.00031 5.50117 3.34878 
-0.00000 0.00016 0.00081 -0.76046 6.35656 

Q_33:
-1.00000 -0.00000 -0.00000 -0.00000 0.00000 
-0.00000 -0.90053 0.43479 0.00040 -0.00007 
0.00000 -0.43479 -0.90053 0.00048 0.00002 
0.00000 -0.00057 -0.00025 -0.99056 0.13706 
0.00000 0.00003 0.00009 0.13706 0.99056 

R_33:
-16.26635 8.10774 3.82172 -2.05144 2.38906 
0.00000 6.06796 -4.11863 -3.26744 5.02360 
-0.00000 0.00000 10.49431 10.34405 1.68332 
-0.00000 0.00000 0.00000 -5.55435 -2.44923 
0.00000 -0.00000 0.00000 -0.00000 6.75573 

A_34:
16.26635 -8.96169 0.08433 2.36457 2.08488 
-0.00000 -3.67165 6.34852 3.92555 4.52784 
0.00000 -4.56866 -9.45291 -10.01066 3.08545 
-0.00000 0.00309 0.00119 5.16624 -3.18739 
0.00000 0.00018 0.00059 0.92594 6.69197 

Q_34:
-1.00000 0.00000 0.00000 -0.00000 -0.00000 
0.00000 -0.62643 0.77947 -0.00036 -0.00008 
-0.00000 -0.77947 -0.62643 -0.00038 -0.00001 
0.00000 0.00053 -0.00006 -0.98432 -0.17639 
-0.00000 0.00003 0.00004 -0.17639 0.98432 

R_34:
-16.26635 8.96169 -0.08433 -2.36457 -2.08488 
-0.00000 5.86121 3.39138 5.34671 -5.24289 
0.00000 0.00000 10.87013 9.33064 1.59698 
-0.00000 -0.00000 0.00000 -5.24619 1.95423 
-0.00000 -0.00000 -0.00000 -0.00000 7.14885 

A_35:
16.26635 -5.54948 7.03827 2.69201 -1.63584 
0.00000 -6.31250 2.44366 -4.34153 -6.10429 
-0.00000 -8.46803 -6.80986 -9.47015 -0.07401 
-0.00000 -0.00270 0.00038 4.81924 2.84894 
-0.00000 0.00022 0.00032 -1.26096 7.03676 

Q_35:
-1.00000 -0.00000 -0.00000 -0.00000 0.00000 
-0.00000 -0.59766 0.80175 0.00032 -0.00010 
0.00000 -0.80175 -0.59766 0.00007 0.00002 
0.00000 -0.00026 0.00023 -0.96744 0.25308 
0.00000 0.00002 0.00004 0.25308 0.96744 

R_35:
-16.26635 5.54948 -7.03827 -2.69201 1.63584 
-0.00000 10.56197 3.99930 10.18618 3.70707 
0.00000 -0.00000 6.02920 2.18022 -4.84893 
0.00000 -0.00000 -0.00000 -4.98358 -0.97729 
-0.00000 0.00000 0.00000 0.00000 7.52933 

A_36:
16.26635 2.32692 8.65523 3.01964 0.90055 
0.00000 -9.52146 6.08030 -8.91266 6.16332 
0.00000 -4.83455 -3.60311 -3.33597 -4.13916 
-0.00000 0.00125 -0.00120 4.57400 -2.20673 
0.00000 0.00016 0.00029 1.90554 7.28421 

Q_36:
-1.00000 0.00000 0.00000 -0.00000 -0.00000 
-0.00000 -0.89164 0.45274 -0.00014 -0.00007 
-0.00000 -0.45274 -0.89164 0.00003 0.00008 
0.00000 0.00012 -0.00013 -0.92307 -0.38464 
-0.00000 0.00001 0.00006 -0.38464 0.92307 

R_36:
-16.26635 -2.32692 -8.65523 -3.01964 -0.90055 
0.00000 10.67853 -3.79021 9.45780 -3.62169 
-0.00000 -0.00000 5.96547 -1.06104 6.48172 
0.00000 0.00000 0.00000 -4.95388 -0.76586 
0.00000 0.00000 0.00000 -0.00000 7.57183 

A_37:
16.26635 5.99295 6.66424 3.13378 0.32972 
-0.00000 -7.80443 8.21267 -7.33879 -6.98201 
-0.00000 -2.70081 -5.31856 -1.51354 6.39164 
-0.00000 -0.00059 0.00058 4.86734 1.19852 
-0.00000 0.00011 0.00044 -2.91243 6.98930 

Q_37:
-1.00000 -0.00000 -0.00000 0.00000 0.00000 
0.00000 -0.94501 0.32703 0.00006 -0.00005 
0.00000 -0.32703 -0.94501 0.00004 0.00006 
0.00000 -0.00007 0.00002 -0.85814 0.51342 
0.00000 0.00001 0.00007 0.51342 0.85814 

R_37:
-16.26635 -5.99295 -6.66424 -3.13378 -0.32972 
-0.00000 8.25854 -6.02174 7.42984 4.50783 
-0.00000 -0.00000 7.71192 -0.96981 -8.32303 
-0.00000 -0.00000 0.00000 -5.67264 2.55983 
0.00000 0.00000 -0.00000 0.00000 6.61380 

A_38:
16.26635 7.84306 4.33782 2.51930 -1.89200 
-0.00000 -5.83560 8.39189 -4.06114 7.68226 
0.00000 -2.52209 -7.28845 -3.44070 -7.63977 
-0.00000 0.00044 0.00007 6.18217 -0.71579 
0.00000 0.00009 0.00045 3.39568 5.67553 

