Q_0:
-0.33482 -0.73195 -0.42816 0.39828 -0.10100 
0.06696 -0.53371 0.05830 -0.83354 0.11170 
-0.13393 0.38732 -0.85530 -0.31673 0.01386 
-0.46875 0.10878 0.18539 -0.20579 -0.83170 
-0.80358 0.13250 0.21767 -0.06258 0.53424 

R_0:
-14.93318 -13.99568 -13.39299 -17.54482 -18.41536 
0.00000 13.23333 8.73220 2.67872 1.90916 
0.00000 0.00000 9.55911 0.58910 -0.45066 
-0.00000 -0.00000 0.00000 -6.68257 -7.64035 
0.00000 0.00000 -0.00000 -0.00000 -0.80714 

A_1:
28.87892 8.86415 9.77180 14.72330 4.51314 
-3.07316 -3.13627 -5.78493 -14.46699 0.39122 
-1.19425 3.70682 -8.16478 -3.12066 -0.59820 
9.27212 -1.73922 -2.90190 1.85333 1.47611 
0.64860 -0.10694 -0.17569 0.05051 -0.43120 

Q_1:
-0.94634 0.19844 0.07780 0.24290 -0.00366 
0.10070 -0.36474 -0.42012 0.82477 -0.00844 
0.03913 0.63007 -0.76673 -0.11667 0.00180 
-0.30384 -0.65476 -0.47813 -0.49663 -0.06098 
-0.02125 -0.04350 -0.03110 -0.02227 0.99809 

R_1:
-30.51648 -8.02854 -9.26409 -16.07644 -4.69430 
-0.00000 6.38190 0.81248 5.01655 -0.57175 
-0.00000 0.00000 10.84369 8.72828 -0.04696 
-0.00000 0.00000 0.00000 -8.91318 0.76521 
-0.00000 0.00000 -0.00000 -0.00000 -0.54130 

A_2:
32.69230 1.76604 15.93451 -4.86458 -3.54214 
-0.83759 -5.07560 -5.68490 2.69017 -0.92899 
-2.22664 1.11936 -12.48596 -5.59888 -0.55966 
2.69191 5.80270 4.23788 4.40953 1.30729 
0.01150 0.02354 0.01683 0.01205 -0.54027 

Q_2:
-0.99402 -0.06587 -0.07273 0.04799 -0.00007 
0.02547 -0.65550 -0.22900 -0.71919 0.00064 
0.06770 0.16644 -0.97066 0.15977 -0.00019 
-0.08185 0.73367 0.00908 -0.67449 -0.00344 
-0.00035 0.00297 -0.00002 -0.00183 0.99999 

R_2:
-32.88909 -2.28390 -17.17613 4.16401 3.35258 
0.00000 7.65436 3.70795 0.86032 1.70664 
-0.00000 0.00000 12.30111 5.21239 1.02545 
-0.00000 0.00000 0.00000 -6.03693 -0.47207 
-0.00000 -0.00000 0.00000 0.00000 -0.54502 

A_3:
31.12929 3.86971 19.62486 -5.49482 3.34226 
0.37495 -3.76403 -5.34421 -5.49592 1.70784 
0.40582 5.87459 -11.89296 -1.55228 1.00512 
0.49428 -4.43051 -0.05478 4.07272 -0.45129 
0.00019 -0.00162 0.00001 0.00100 -0.54501 

Q_3:
-0.99972 0.00498 0.02156 0.00877 -0.00000 
-0.01204 -0.45996 -0.68284 0.56747 -0.00005 
-0.01303 0.70316 -0.67028 -0.23689 0.00002 
-0.01587 -0.54219 -0.28980 -0.78854 -0.00030 
-0.00001 -0.00020 -0.00010 -0.00021 1.00000 

R_3:
-31.13812 -3.82952 -19.39908 5.51503 -3.36781 
0.00000 8.28357 -5.77704 -0.79915 0.18266 
0.00000 -0.00000 12.05998 3.49453 -1.63698 
0.00000 0.00000 -0.00000 -6.01073 1.11633 
0.00000 0.00000 0.00000 -0.00000 -0.54494 

A_4:
31.34071 -15.02392 13.34845 -2.19904 -3.36966 
-0.01177 -7.43907 -1.55253 6.69927 0.18240 
-0.21264 6.58571 -9.09615 -5.61208 -1.63778 
0.09541 3.25876 1.74179 4.73945 1.11814 
0.00000 0.00011 0.00006 0.00011 -0.54494 

Q_4:
-0.99997 0.00299 -0.00654 0.00192 -0.00000 
0.00038 -0.71511 -0.52103 -0.46599 0.00000 
0.00678 0.62278 -0.77760 -0.08626 0.00000 
-0.00304 0.31742 0.35189 -0.88057 -0.00003 
-0.00000 0.00001 0.00001 -0.00002 1.00000 

R_4:
-31.34158 15.05547 -13.41568 2.14900 3.35512 
0.00000 10.41066 -3.96189 -6.78795 -0.80558 
-0.00000 0.00000 8.40763 2.55552 1.59399 
-0.00000 0.00000 0.00000 -6.81532 -0.93477 
0.00000 -0.00000 0.00000 0.00000 -0.54497 

A_5:
31.24880 -18.53284 3.54887 -7.81101 3.35510 
-0.00231 -12.06678 -4.73217 1.46780 -0.80536 
0.04926 6.04732 -5.63846 -2.97564 1.59392 
0.02075 -2.16335 -2.39825 6.00141 -0.93459 
0.00000 -0.00001 -0.00001 0.00001 -0.54497 

Q_5:
-1.00000 -0.00066 0.00154 0.00036 -0.00000 
0.00007 -0.88206 -0.39194 0.26145 -0.00000 
-0.00158 0.44413 -0.87690 0.18383 -0.00000 
-0.00066 -0.15722 -0.27826 -0.94755 -0.00000 
-0.00000 -0.00000 -0.00000 -0.00000 1.00000 

R_5:
-31.24885 18.52383 -3.53873 7.81181 -3.35704 
0.00000 13.68179 2.04454 -3.55465 1.56301 
-0.00000 0.00000 7.47188 0.35206 -0.81684 
0.00000 -0.00000 -0.00000 -5.85267 0.96921 
0.00000 -0.00000 -0.00000 0.00000 -0.54497 

A_6:
31.25056 -19.11830 -6.37887 -3.22069 -3.35706 
0.00015 -10.60124 -6.16613 7.32118 1.56301 
-0.01201 3.26315 -6.65005 1.03993 -0.81684 
0.00389 0.92016 1.62859 5.54569 0.96922 
0.00000 0.00000 0.00000 0.00000 -0.54497 

Q_6:
-1.00000 0.00011 -0.00038 0.00007 -0.00000 
-0.00000 -0.95264 -0.27753 -0.12430 0.00000 
0.00038 0.29257 -0.94793 -0.12585 0.00000 
-0.00012 0.08290 0.15626 -0.98423 -0.00000 
-0.00000 0.00000 0.00000 -0.00000 1.00000 

R_6:
-31.25057 19.11948 6.37614 3.22036 3.35662 
-0.00000 11.12815 4.06282 -6.21082 -1.64799 
0.00000 0.00000 8.27193 -2.14980 0.49326 
-0.00000 0.00000 -0.00000 -6.49939 -1.04567 
-0.00000 -0.00000 0.00000 0.00000 -0.54497 

A_7:
31.25252 -16.08491 -10.83510 -6.35094 3.35662 
0.00228 -9.92736 -7.91010 4.21832 -1.64798 
0.00345 2.24193 -8.17710 1.07485 0.49326 
0.00081 -0.53881 -1.01559 6.39690 -1.04567 
0.00000 -0.00000 -0.00000 0.00000 -0.54497 

Q_7:
-1.00000 0.00005 0.00013 0.00001 -0.00000 
-0.00007 -0.97403 -0.21619 0.06727 -0.00000 
-0.00011 0.22017 -0.97370 0.05861 -0.00000 
-0.00003 -0.05283 -0.07190 -0.99601 -0.00000 
-0.00000 -0.00000 -0.00000 -0.00000 1.00000 

R_7:
-31.25252 16.08540 10.83661 6.35035 -3.35653 
0.00000 10.19084 5.95747 -4.21038 1.76919 
0.00000 -0.00000 9.74382 -2.41929 -0.04840 
-0.00000 0.00000 -0.00000 -6.02471 0.95960 
0.00000 -0.00000 -0.00000 -0.00000 -0.54497 

A_8:
31.24999 -13.61879 -14.48966 -4.60825 -3.35653 
-0.00129 -8.39210 -7.70126 5.22831 1.76919 
-0.00101 2.27309 -9.31361 2.98073 -0.04840 
0.00016 0.31829 0.43317 6.00068 0.95960 
0.00000 0.00000 0.00000 0.00000 -0.54497 

Q_8:
-1.00000 -0.00003 -0.00004 0.00000 -0.00000 
0.00004 -0.96459 -0.26051 -0.04125 0.00000 
0.00003 0.26120 -0.96520 -0.01237 0.00000 
-0.00000 0.03659 0.02270 -0.99907 -0.00000 
-0.00000 0.00000 0.00000 -0.00000 1.00000 

R_8:
-31.24999 13.61851 14.48904 4.60853 3.35659 
0.00000 8.70075 5.01214 -4.04490 -1.68397 
-0.00000 0.00000 11.00622 -4.10261 -0.39225 
0.00000 0.00000 -0.00000 -6.24764 -1.03109 
0.00000 -0.00000 -0.00000 0.00000 -0.54497 

A_9:
31.25100 -9.18211 -17.42667 -5.34522 3.35659 
0.00054 -7.23149 -7.19617 3.62030 -1.68397 
0.00038 2.72473 -10.71639 3.96271 -0.39225 
0.00003 -0.22860 -0.14183 6.24184 -1.03109 
0.00000 -0.00000 -0.00000 0.00000 -0.54497 

Q_9:
-1.00000 0.00001 0.00002 0.00000 -0.00000 
-0.00002 -0.93536 -0.35249 0.02919 -0.00000 
-0.00001 0.35245 -0.93581 -0.00638 0.00000 
-0.00000 -0.02957 -0.00433 -0.99955 -0.00000 
-0.00000 -0.00000 -0.00000 -0.00000 1.00000 

R_9:
-31.25100 9.18220 17.42693 5.34510 -3.35656 
0.00000 7.73105 2.95797 -2.17423 1.46740 
0.00000 0.00000 12.56533 -5.01153 0.96516 
-0.00000 0.00000 -0.00000 -6.15863 0.98397 
0.00000 0.00000 -0.00000 0.00000 -0.54497 

A_10:
31.25062 -2.60490 -19.56850 -5.18579 -3.35656 
-0.00017 -6.12449 -5.48377 2.38010 1.46740 
-0.00015 4.57689 -11.73705 4.92917 0.96516 
0.00001 0.18210 0.02664 6.15588 0.98397 
0.00000 0.00000 0.00000 0.00000 -0.54497 

Q_10:
-1.00000 -0.00000 -0.00001 0.00000 -0.00000 
0.00001 -0.80081 -0.59847 -0.02329 0.00000 
0.00000 0.59845 -0.80112 0.00861 -0.00000 
-0.00000 0.02381 0.00704 -0.99969 -0.00000 
-0.00000 0.00000 0.00000 -0.00000 1.00000 

R_10:
-31.25062 2.60489 19.56842 5.18582 3.35657 
-0.00000 7.64791 -2.63191 1.19042 -0.57407 
0.00000 0.00000 12.68492 -5.32987 -1.64445 
-0.00000 0.00000 -0.00000 -6.16697 -1.00953 
0.00000 0.00000 -0.00000 0.00000 -0.54497 

A_11:
31.25073 9.74819 -17.19878 -5.07638 3.35657 
0.00003 -7.67122 -2.46019 -1.39083 -0.57407 
0.00006 7.46436 -10.19961 5.43746 -1.64445 
0.00000 -0.14684 -0.04342 6.16507 -1.00953 
0.00000 -0.00000 -0.00000 0.00000 -0.54497 

Q_11:
-1.00000 -0.00000 0.00000 0.00000 -0.00000 
-0.00000 -0.71664 -0.69719 0.01885 -0.00000 
-0.00000 0.69731 -0.71677 -0.00029 0.00000 
-0.00000 -0.01372 -0.01294 -0.99982 -0.00000 
-0.00000 -0.00000 -0.00000 -0.00000 1.00000 

R_11:
-31.25073 -9.74820 17.19880 5.07637 -3.35657 
0.00000 10.70447 -5.34862 4.70376 -0.72144 
-0.00000 0.00000 9.02651 -3.00751 1.59199 
-0.00000 -0.00000 -0.00000 -6.19178 0.99901 
-0.00000 -0.00000 -0.00000 -0.00000 -0.54497 

A_12:
31.25070 18.90922 -5.59695 -5.26427 -3.35657 
0.00000 -11.46540 -3.69019 -4.49954 -0.72144 
-0.00002 6.33554 -6.43101 3.00434 1.59199 
0.00000 0.08493 0.08011 6.19068 0.99901 
0.00000 0.00000 0.00000 0.00000 -0.54497 

Q_12:
-1.00000 0.00000 -0.00000 0.00000 -0.00000 
-0.00000 -0.87524 -0.48356 -0.01085 0.00000 
0.00000 0.48364 -0.87524 -0.00623 0.00000 
-0.00000 0.00648 0.01070 -0.99992 -0.00000 
-0.00000 0.00000 0.00000 -0.00000 1.00000 

R_12:
-31.25070 -18.90922 5.59695 5.26427 3.35657 
-0.00000 13.09969 0.12003 5.43135 1.40787 
0.00000 -0.00000 7.41400 -0.38748 -1.03383 
0.00000 0.00000 0.00000 -6.16009 -1.00102 
0.00000 0.00000 -0.00000 0.00000 -0.54497 

A_13:
31.25071 19.29119 4.30144 -5.09357 3.35657 
-0.00000 -11.37214 -6.38146 -5.57380 1.40787 
0.00000 3.58320 -6.49321 0.34126 -1.03383 
0.00000 -0.03994 -0.06591 6.15961 -1.00102 
0.00000 -0.00000 -0.00000 0.00000 -0.54497 

Q_13:
-1.00000 -0.00000 0.00000 0.00000 -0.00000 
0.00000 -0.95377 -0.30049 0.00512 -0.00000 
-0.00000 0.30052 -0.95376 0.00512 -0.00000 
-0.00000 -0.00335 -0.00642 -0.99997 -0.00000 
-0.00000 -0.00000 -0.00000 -0.00000 1.00000 

R_13:
-31.25071 -19.29119 -4.30144 5.09357 -3.35657 
-0.00000 11.92336 4.13533 5.39804 -1.65011 
0.00000 -0.00000 8.11099 1.30988 0.56940 
0.00000 0.00000 0.00000 -6.18626 1.00292 
0.00000 -0.00000 0.00000 0.00000 -0.54497 

A_14:
31.25071 17.08963 9.86674 -5.21428 -3.35657 
-0.00000 -10.14747 -7.56167 -5.31565 -1.65011 
-0.00000 2.43312 -7.74436 -1.26835 0.56940 
0.00000 0.02072 0.03971 6.18610 1.00292 
0.00000 0.00000 0.00000 0.00000 -0.54497 

Q_14:
-1.00000 -0.00000 -0.00000 0.00000 -0.00000 
0.00000 -0.97243 -0.23316 -0.00265 0.00000 
0.00000 0.23317 -0.97243 -0.00254 0.00000 
-0.00000 0.00199 0.00309 -0.99999 -0.00000 
-0.00000 0.00000 0.00000 -0.00000 1.00000 

R_14:
-31.25071 -17.08963 -9.86674 5.21428 3.35657 
0.00000 10.43512 5.54758 4.88567 1.73938 
-0.00000 -0.00000 9.29408 2.49188 -0.16586 
-0.00000 -0.00000 -0.00000 -6.16875 -0.99998 
-0.00000 0.00000 -0.00000 -0.00000 -0.54497 

A_15:
31.25071 14.32830 13.59547 -5.14389 3.35657 
0.00000 -8.84426 -7.81262 -4.92739 1.73938 
0.00000 2.17202 -9.03018 -2.51547 -0.16586 
0.00000 -0.01225 -0.01904 6.16870 -0.99998 
0.00000 -0.00000 -0.00000 0.00000 -0.54497 

Q_15:
-1.00000 0.00000 0.00000 0.00000 -0.00000 
-0.00000 -0.97114 -0.23850 0.00157 -0.00000 
-0.00000 0.23850 -0.97114 0.00075 -0.00000 
-0.00000 -0.00135 -0.00110 -1.00000 -0.00000 
-0.00000 -0.00000 -0.00000 -0.00000 1.00000 

R_15:
-31.25071 -14.32830 -13.59547 5.14389 -3.35657 
0.00000 9.10707 5.43351 4.17696 -1.72740 
0.00000 -0.00000 10.63290 3.61123 -0.25266 
-0.00000 0.00000 0.00000 -6.17832 1.00259 
0.00000 -0.00000 0.00000 0.00000 -0.54497 

A_16:
31.25071 10.66540 16.61472 -5.17658 -3.35657 
-0.00000 -7.55400 -7.45333 -4.15858 -1.72740 
-0.00000 2.53107 -10.33005 -3.60324 -0.25266 
0.00000 0.00831 0.00682 6.17831 1.00259 
0.00000 0.00000 0.00000 0.00000 -0.54497 

Q_16:
-1.00000 -0.00000 -0.00000 0.00000 -0.00000 
0.00000 -0.94819 -0.31770 -0.00106 0.00000 
0.00000 0.31770 -0.94819 0.00011 -0.00000 
-0.00000 0.00104 0.00024 -1.00000 -0.00000 
-0.00000 0.00000 0.00000 -0.00000 1.00000 

R_16:
-31.25071 -10.66540 -16.61472 5.17658 3.35657 
-0.00000 7.96676 3.78528 2.80481 1.55868 
0.00000 0.00000 12.16280 4.73921 0.78861 
-0.00000 0.00000 0.00000 -6.17427 -1.00078 
0.00000 -0.00000 0.00000 0.00000 -0.54497 

A_17:
31.25071 4.83967 19.14357 -5.16702 3.35657 
0.00000 -6.34847 -6.11957 -2.81287 1.55868 
0.00000 3.86911 -11.53153 -4.73790 0.78861 
0.00000 -0.00644 -0.00146 6.17426 -1.00078 
0.00000 -0.00000 -0.00000 0.00000 -0.54497 

