Q_0:
-0.91287 -0.40779 -0.01942 
0.18257 -0.45034 0.87399 
-0.36515 0.79430 0.48555 

R_0:
-5.47723 1.27802 5.65980 
-0.00000 9.40035 2.31552 
-0.00000 -0.00000 -5.71008 

A_1:
3.16667 6.15355 3.97148 
0.87076 -2.39413 9.34014 
2.08503 -4.53550 -2.77254 

Q_1:
-0.81402 0.57981 -0.03460 
-0.22384 -0.36810 -0.90244 
-0.53598 -0.72686 0.42943 

R_1:
-3.89016 -2.04231 -3.83751 
0.00000 7.74582 0.87979 
0.00000 0.00000 -9.75691 

A_2:
5.68062 1.28558 0.32973 
-2.20533 -3.49075 -6.61233 
5.22946 7.09191 -4.18986 

Q_2:
-0.70743 -0.70338 -0.06934 
0.27464 -0.36395 0.89001 
-0.65124 0.61057 0.45064 

R_2:
-8.02995 -6.48671 0.67936 
-0.00000 4.69636 -0.38357 
0.00000 -0.00000 -7.79602 

A_3:
3.45669 8.42374 -4.91031 
1.53960 -1.94345 4.00694 
5.07711 -4.76005 -3.51324 

Q_3:
-0.54589 0.83687 -0.04064 
-0.24314 -0.20465 -0.94816 
-0.80180 -0.50771 0.31519 

R_3:
-6.33215 -0.30934 4.52318 
-0.00000 9.86401 -3.14558 
0.00000 -0.00000 -4.70698 

A_4:
-0.09478 -7.53234 1.97633 
0.12379 -0.42161 -10.34410 
3.77406 2.38979 -1.48361 

Q_4:
-0.02509 -0.99746 0.06672 
0.03277 -0.06753 -0.99718 
0.99915 -0.02284 0.03438 

R_4:
3.77728 2.56294 -1.87095 
-0.00000 7.48707 -1.23887 
0.00000 0.00000 10.39577 

A_5:
-1.88014 -3.89802 -2.36801 
-0.99244 -0.47732 -7.50855 
10.38691 -0.23739 0.35745 

Q_5:
-0.17733 -0.97611 0.12554 
-0.09361 -0.11025 -0.98949 
0.97969 -0.18722 -0.07182 

R_5:
10.60225 0.50336 1.47297 
-0.00000 3.90197 3.07235 
0.00000 0.00000 7.10666 

A_6:
-0.48420 -10.68024 0.72712 
2.64469 -1.00541 -4.08160 
6.96231 -1.33051 -0.51039 

Q_6:
-0.06488 -0.99695 0.04330 
0.35435 -0.06358 -0.93295 
0.93286 -0.04518 0.35740 

R_6:
7.46342 -0.90455 -1.96963 
0.00000 10.77174 -0.44234 
-0.00000 0.00000 3.65699 

A_7:
-2.64212 -7.29418 0.46313 
3.40437 -0.66489 -10.20756 
3.41145 -0.16523 1.30700 

Q_7:
-0.48071 -0.87565 0.04641 
0.61940 -0.37655 -0.68888 
0.62069 -0.30241 0.72339 

R_7:
5.49623 2.99203 -5.73397 
-0.00000 6.68747 3.04285 
-0.00000 0.00000 7.99873 

A_8:
-4.34786 -4.20540 -5.95398 
6.03089 -3.43834 -2.40568 
4.96473 -2.41889 5.78620 

Q_8:
-0.48634 -0.87242 0.04853 
0.67459 -0.41019 -0.61373 
0.55534 -0.26574 0.78802 

R_8:
8.94003 -1.61754 4.48607 
-0.00000 5.72208 4.64353 
-0.00000 0.00000 5.74718 

A_9:
-2.94777 -8.32813 4.96169 
6.43880 -3.58115 0.14740 
3.19162 -1.52728 4.52891 

Q_9:
-0.37950 -0.92492 0.02237 
0.82894 -0.35066 -0.43577 
0.41089 -0.14683 0.89978 

R_9:
7.76749 -0.43558 0.10013 
0.00000 9.18287 -5.30583 
0.00000 0.00000 4.12181 

A_10:
-3.26770 -7.04628 0.45369 
5.43194 -2.44103 -8.77567 
1.69363 -0.60519 3.70873 

Q_10:
-0.49802 -0.86699 0.01753 
0.82786 -0.48136 -0.28799 
0.25812 -0.12891 0.95747 

R_10:
6.56142 1.33212 -6.53368 
0.00000 7.36209 3.35285 
0.00000 0.00000 6.08623 

A_11:
-3.85136 -5.48766 -6.52444 
6.96022 -3.97606 1.09009 
1.57097 -0.78457 5.82741 

Q_11:
-0.47499 -0.87988 0.01434 
0.85840 -0.46686 -0.21259 
0.19375 -0.08866 0.97704 

R_11:
8.10836 -0.95850 5.16380 
-0.00000 6.75428 4.71510 
0.00000 0.00000 5.36828 

A_12:
-3.67366 -7.14473 5.36528 
6.71142 -3.57135 3.17095 
1.04009 -0.47598 5.24500 

Q_12:
-0.47577 -0.87953 0.00842 
0.86919 -0.47161 -0.14864 
0.13470 -0.06340 0.98886 

R_12:
7.72144 0.23097 0.91001 
0.00000 7.99843 -6.54687 
-0.00000 0.00000 4.76041 

A_13:
-3.35032 -6.95784 0.93056 
6.07030 -3.35704 -7.66278 
0.64123 -0.30180 4.70736 

Q_13:
-0.48116 -0.87662 0.00596 
0.87178 -0.47920 -0.10179 
0.09209 -0.04378 0.99479 

R_13:
6.96307 0.39339 -6.69453 
0.00000 7.72124 2.65015 
0.00000 0.00000 5.46839 

A_14:
-3.62387 -5.99936 -6.65816 
6.97532 -3.81602 1.85037 
0.50359 -0.23940 5.43989 

Q_14:
-0.46008 -0.88787 0.00451 
0.88557 -0.45925 -0.06968 
0.06393 -0.02806 0.99756 

R_14:
7.87662 -0.63448 5.04972 
-0.00000 7.08583 4.90913 
-0.00000 -0.00000 5.26765 

A_15:
-3.86290 -6.84370 5.11714 
6.58888 -3.39189 4.40344 
0.33678 -0.14782 5.25479 

Q_15:
-0.50527 -0.86296 0.00289 
0.86183 -0.50478 -0.04936 
0.04405 -0.02245 0.99878 

R_15:
7.64518 0.52817 1.44097 
-0.00000 7.62129 -6.75659 
-0.00000 -0.00000 5.04581 

A_16:
-3.34423 -6.89641 1.43524 
6.27065 -3.69541 -7.12450 
0.22228 -0.11327 5.03964 

Q_16:
-0.47034 -0.88248 0.00200 
0.88193 -0.47013 -0.03436 
0.03126 -0.01440 0.99941 

R_16:
7.11016 -0.01894 -6.80081 
-0.00000 7.82489 2.01029 
0.00000 0.00000 5.28433 

A_17:
-3.57354 -6.16774 -6.78192 
6.96385 -3.70766 1.74023 
0.16520 -0.07609 5.28120 

Q_17:
-0.45645 -0.88975 0.00147 
0.88950 -0.45636 -0.02296 
0.02110 -0.00917 0.99974 

R_17:
7.82896 -0.48429 4.75499 
0.00000 7.18046 5.19157 
0.00000 0.00000 5.22987 

A_18:
-3.90398 -6.78841 4.77635 
6.49655 -3.32451 5.02532 
0.11036 -0.04798 5.22849 

Q_18:
-0.51503 -0.85717 0.00097 
0.85705 -0.51497 -0.01640 
0.01456 -0.00762 0.99986 

R_18:
7.58013 0.64625 1.92312 
-0.00000 7.53124 -6.72190 
0.00000 -0.00000 5.14997 

A_19:
-3.32211 -6.84494 1.91958 
6.35679 -3.82716 -6.84453 
0.07498 -0.03924 5.14927 

Q_19:
-0.46315 -0.88628 0.00067 
0.88622 -0.46312 -0.01145 
0.01045 -0.00471 0.99993 

R_19:
7.17292 -0.22190 -6.90099 
0.00000 7.83917 1.44432 
0.00000 0.00000 5.22855 

A_20:
-3.59090 -6.22195 -6.89321 
6.96233 -3.63730 1.35450 
0.05465 -0.02463 5.22821 

Q_20:
-0.45837 -0.88876 0.00048 
0.88873 -0.45836 -0.00760 
0.00698 -0.00305 0.99997 

R_20:
7.83400 -0.38078 4.39993 
-0.00000 7.19710 5.48959 
-0.00000 -0.00000 5.21442 

A_21:
-3.89862 -6.80144 4.40649 
6.43459 -3.31565 5.43474 
0.03638 -0.01592 5.21427 

Q_21:
-0.51819 -0.85527 0.00032 
0.85525 -0.51818 -0.00546 
0.00484 -0.00255 0.99999 

R_21:
7.52360 0.68860 2.38992 
0.00000 7.53520 -6.59822 
0.00000 0.00000 5.18594 

A_22:
-3.29813 -6.79762 2.38854 
6.41261 -3.88773 -6.63925 
0.02507 -0.01325 5.18586 

Q_22:
-0.45737 -0.88928 0.00022 
0.88927 -0.45737 -0.00380 
0.00348 -0.00154 0.99999 

R_22:
7.21109 -0.34826 -6.97850 
0.00000 7.82310 0.90453 
0.00000 0.00000 5.21155 

A_23:
-3.63210 -6.24264 -6.97553 
6.95999 -3.57942 0.87483 
0.01812 -0.00802 5.21152 

Q_23:
-0.46264 -0.88654 0.00016 
0.88654 -0.46264 -0.00252 
0.00231 -0.00102 1.00000 

R_23:
7.85073 -0.28520 4.01479 
0.00000 7.19038 5.77404 
0.00000 0.00000 5.20818 

A_24:
-3.87567 -6.83218 4.01675 
6.38789 -3.33249 5.75591 
0.01202 -0.00533 5.20816 

Q_24:
-0.51871 -0.85495 0.00011 
0.85495 -0.51871 -0.00182 
0.00161 -0.00085 1.00000 

R_24:
7.47169 0.69484 2.84582 
-0.00000 7.56977 -6.42422 
-0.00000 0.00000 5.19812 

A_25:
-3.27704 -6.75075 2.84535 
6.46141 -3.92107 -6.43796 
0.00836 -0.00443 5.19811 

Q_25:
-0.45232 -0.89185 0.00007 
0.89185 -0.45232 -0.00126 
0.00115 -0.00050 1.00000 

R_25:
7.24492 -0.44351 -7.02274 
-0.00000 7.79427 0.37178 
0.00000 -0.00000 5.20641 

A_26:
-3.68069 -6.25728 -7.02164 
6.95178 -3.52571 0.36199 
0.00601 -0.00262 5.20640 

