Q_0:
-0.91287 -0.38348 -0.14003 
0.18257 -0.69027 0.70014 
-0.36515 0.61357 0.70014 

R_0:
-5.47723 0.54772 5.65980 
-0.00000 11.73456 3.91152 
-0.00000 0.00000 -4.76095 

A_1:
3.03333 5.19504 5.11310 
0.71414 -5.70000 10.95445 
1.73845 -2.92119 -3.33333 

Q_1:
-0.85006 0.45053 -0.27280 
-0.20013 -0.75541 -0.62394 
-0.48718 -0.47579 0.73231 

R_1:
-3.56838 -1.85219 -4.91482 
-0.00000 8.03624 -4.38557 
0.00000 0.00000 -10.67081 

A_2:
5.79843 2.12992 -1.47005 
0.52828 -3.98408 -8.22572 
5.19864 5.07704 -7.81435 

Q_2:
-0.74286 -0.27613 -0.60984 
-0.06768 -0.87532 0.47878 
-0.66602 0.39694 0.63155 

R_2:
-7.80556 -4.69399 6.85325 
-0.00000 4.91450 4.50425 
-0.00000 -0.00000 -7.97698 

A_3:
1.55173 8.98445 6.84098 
-3.33252 -2.51385 5.19763 
5.31281 -3.16639 -5.03788 

Q_3:
-0.24018 -0.89452 0.37701 
0.51582 0.21140 0.83020 
-0.82234 0.39387 0.41064 

R_3:
-6.46061 -0.85077 5.18081 
-0.00000 -9.81540 -7.00491 
0.00000 -0.00000 4.82547 

A_4:
-3.14749 7.63990 -1.01460 
0.69741 -4.83404 -11.02526 
-3.96817 1.90062 1.98153 

Q_4:
-0.61562 0.55219 -0.56222 
0.13641 -0.62800 -0.76616 
-0.77614 -0.54836 0.31129 

R_4:
5.11268 -6.83787 -2.41728 
0.00000 6.21223 5.27704 
-0.00000 -0.00000 9.63441 

A_5:
-2.20408 8.44290 1.61200 
-3.24834 -6.79501 -3.11690 
-7.47769 -5.28314 2.99909 

Q_5:
-0.26098 0.89388 -0.36451 
-0.38463 -0.44262 -0.81003 
-0.88541 -0.07120 0.45932 

R_5:
8.44544 5.08787 -1.87729 
0.00000 10.93069 2.60698 
-0.00000 0.00000 3.31476 

A_6:
-2.49884 5.43091 -8.06208 
-6.51248 -5.02371 -7.65678 
-2.93492 -0.23601 1.52254 

Q_6:
-0.33020 0.90962 -0.25212 
-0.86056 -0.39984 -0.31553 
-0.38782 0.11278 0.91481 

R_6:
7.56771 2.62147 8.66072 
0.00000 6.92214 -4.10020 
0.00000 0.00000 5.84139 

A_7:
-8.11358 6.81227 5.18780 
-4.36678 -3.23018 -5.93505 
-2.26542 0.65876 5.34376 

Q_7:
-0.85510 0.48750 -0.17648 
-0.46022 -0.87046 -0.17463 
-0.23875 -0.06811 0.96869 

R_7:
9.48847 -4.49586 -2.98050 
0.00000 6.08788 7.33134 
-0.00000 0.00000 5.29735 

A_8:
-5.33289 8.74214 -3.77658 
-4.55215 -5.79860 6.03863 
-1.26477 -0.36080 5.13149 

Q_8:
-0.74851 0.65842 -0.07891 
-0.63892 -0.74792 -0.17998 
-0.17752 -0.08430 0.98050 

R_8:
7.12471 -2.77463 -1.94237 
-0.00000 10.12325 -7.43553 
-0.00000 0.00000 4.24262 

A_9:
-3.21530 6.92995 -1.96734 
-5.14805 -6.94459 -9.11249 
-0.75314 -0.35764 4.15989 

Q_9:
-0.52570 0.84869 -0.05798 
-0.84171 -0.52882 -0.10896 
-0.12314 -0.00848 0.99235 

R_9:
6.11620 2.24626 8.19205 
0.00000 9.55687 3.11396 
-0.00000 0.00000 5.23509 

A_10:
-6.11476 3.93342 7.53002 
-8.42755 -5.08030 2.04879 
-0.64465 -0.04439 5.19506 

Q_10:
-0.58615 0.80895 -0.04509 
-0.80784 -0.58778 -0.04363 
-0.06179 0.01085 0.99803 

R_10:
10.43214 1.80127 -6.38982 
-0.00000 6.16754 4.94354 
0.00000 0.00000 4.75594 

A_11:
-7.17506 7.31099 -6.92617 
-5.28790 -3.57151 4.66472 
-0.29389 0.05160 4.74657 

Q_11:
-0.80456 0.59351 -0.02056 
-0.59295 -0.80476 -0.02765 
-0.03295 -0.01005 0.99941 

R_11:
8.91794 -3.76614 2.65019 
0.00000 7.21284 -7.91246 
0.00000 -0.00000 4.75719 

A_12:
-5.02926 8.29709 2.56938 
-4.01610 -5.72510 -8.10718 
-0.15677 -0.04782 4.75436 

Q_12:
-0.78119 0.62419 -0.01135 
-0.62382 -0.78118 -0.02480 
-0.02435 -0.01229 0.99963 

R_12:
6.43795 -2.90903 2.93445 
0.00000 9.65186 7.87847 
-0.00000 0.00000 4.92451 

A_13:
-3.28602 6.25489 2.93242 
-6.21285 -7.63666 7.63613 
-0.11992 -0.06054 4.92268 

Q_13:
-0.46747 0.88397 -0.00844 
-0.88384 -0.46755 -0.01484 
-0.01706 0.00052 0.99985 

R_13:
7.02935 3.82667 -8.20395 
0.00000 9.09959 -0.97552 
0.00000 0.00000 4.78393 

A_14:
-6.52824 4.42030 -8.31883 
-8.02597 -4.25499 -1.11039 
-0.08161 0.00249 4.78323 

Q_14:
-0.63099 0.77577 -0.00581 
-0.77575 -0.63101 -0.00545 
-0.00789 0.00107 0.99997 

R_14:
10.34605 0.51164 6.07274 
0.00000 6.11410 -5.74773 
-0.00000 0.00000 4.83742 

A_15:
-6.97305 7.70979 6.00969 
-4.69769 -3.86422 -5.78084 
-0.03816 0.00516 4.83727 

Q_15:
-0.82934 0.55873 -0.00272 
-0.55872 -0.82935 -0.00409 
-0.00454 -0.00187 0.99999 

R_15:
8.40792 -4.23506 -1.77616 
-0.00000 7.51248 8.14308 
0.00000 -0.00000 4.84450 

A_16:
-4.59877 8.21344 -1.78169 
-4.23435 -6.24568 8.11227 
-0.02199 -0.00906 4.84444 

Q_16:
-0.73565 0.67736 -0.00156 
-0.67735 -0.73565 -0.00350 
-0.00352 -0.00152 0.99999 

R_16:
6.25131 -1.81164 -4.20122 
-0.00000 10.15810 -7.18200 
-0.00000 0.00000 4.81879 

A_17:
-3.35687 5.57351 -4.20459 
-6.85537 -7.46189 -7.21750 
-0.01695 -0.00732 4.81875 

Q_17:
-0.43978 0.89811 -0.00121 
-0.89811 -0.43978 -0.00188 
-0.00222 0.00026 1.00000 

R_17:
7.63315 4.25049 8.32045 
-0.00000 8.28717 -0.60085 
0.00000 -0.00000 4.83739 

A_18:
-7.19273 4.98825 8.30322 
-7.44142 -3.64466 -0.61645 
-0.01074 0.00123 4.83738 

Q_18:
-0.69499 0.71902 -0.00076 
-0.71902 -0.69499 -0.00071 
-0.00104 0.00006 1.00000 

R_18:
10.34940 -0.84620 -5.33244 
-0.00000 6.11964 6.39889 
0.00000 0.00000 4.83148 

A_19:
-6.57876 8.02921 -5.33974 
-4.40678 -4.25272 6.39456 
-0.00501 0.00028 4.83148 

Q_19:
-0.83083 0.55653 -0.00036 
-0.55653 -0.83083 -0.00061 
-0.00063 -0.00031 1.00000 

R_19:
7.91832 -4.30412 0.87457 
-0.00000 8.00177 -8.28598 
0.00000 -0.00000 4.82950 

A_20:
-4.18394 7.98250 0.87436 
-4.44798 -6.64556 -8.29083 
-0.00306 -0.00148 4.82950 

